140
3129
629.935446
0.0561 0.0401 0.0456 0.0511 0.0140 0.0310 0.0492 0.0398 0.0272 0.0582 0.0960 0.0521 0.0239 0.0579 0.0350 0.0670 0.0506 0.0065 0.0480 0.0627 0.0877
0.013 0.005 0.005 0.005 0.002 0.008 0.005 0.007 0.002 0.004 0.005 0.003 0.098 0.003 0.012 0.017 0.009 0.002 0.002 0.012 0.784  0.3258
0.038 0.009 0.009 0.002 0.006 0.006 0.003 0.022 0.002 0.009 0.009 0.007 0.231 0.012 0.024 0.046 0.020 0.002 0.002 0.030 0.512  0.5534
0.068 0.019 0.015 0.004 0.004 0.017 0.008 0.064 0.008 0.009 0.013 0.038 0.224 0.005 0.030 0.075 0.097 0.002 0.004 0.037 0.259  0.7554
0.065 0.014 0.018 0.002 0.015 0.008 0.009 0.009 0.003 0.275 0.071 0.006 0.035 0.019 0.013 0.067 0.034 0.002 0.009 0.150 0.174  0.7536
0.082 0.010 0.017 0.007 0.016 0.033 0.013 0.004 0.064 0.020 0.098 0.020 0.007 0.080 0.009 0.043 0.027 0.004 0.288 0.072 0.087  0.8086
0.079 0.004 0.106 0.006 0.157 0.018 0.010 0.022 0.022 0.009 0.033 0.006 0.022 0.042 0.002 0.196 0.046 0.002 0.128 0.024 0.069  0.8166
0.024 0.002 0.002 0.002 0.007 0.002 0.003 0.003 0.005 0.111 0.297 0.006 0.017 0.294 0.002 0.005 0.004 0.002 0.005 0.153 0.054  0.6053
0.253 0.009 0.003 0.003 0.019 0.002 0.002 0.018 0.026 0.028 0.030 0.002 0.030 0.083 0.002 0.046 0.027 0.057 0.194 0.114 0.052  0.7743
0.008 0.002 0.002 0.002 0.002 0.004 0.002 0.006 0.002 0.581 0.103 0.003 0.016 0.020 0.002 0.005 0.002 0.002 0.011 0.179 0.048  0.4709
0.009 0.002 0.012 0.004 0.007 0.004 0.004 0.003 0.002 0.283 0.080 0.002 0.009 0.192 0.004 0.004 0.010 0.003 0.040 0.282 0.044  0.6239
0.032 0.004 0.240 0.140 0.003 0.005 0.004 0.318 0.007 0.007 0.004 0.002 0.002 0.003 0.008 0.150 0.017 0.002 0.005 0.005 0.043  0.6242
0.038 0.300 0.020 0.011 0.002 0.027 0.012 0.012 0.036 0.004 0.006 0.296 0.005 0.005 0.081 0.044 0.043 0.002 0.010 0.007 0.041  0.6920
0.102 0.046 0.120 0.104 0.004 0.082 0.056 0.027 0.107 0.006 0.018 0.084 0.005 0.012 0.004 0.124 0.030 0.002 0.016 0.010 0.041  0.8608
0.010 0.007 0.213 0.234 0.065 0.005 0.003 0.327 0.008 0.004 0.002 0.008 0.003 0.002 0.002 0.019 0.010 0.002 0.005 0.003 0.067  0.6083
0.043 0.038 0.190 0.026 0.015 0.061 0.085 0.121 0.022 0.026 0.011 0.060 0.004 0.009 0.005 0.123 0.064 0.002 0.014 0.047 0.032  0.8604
0.019 0.012 0.012 0.002 0.179 0.005 0.002 0.002 0.002 0.009 0.215 0.003 0.014 0.006 0.434 0.017 0.017 0.002 0.002 0.018 0.030  0.5720
0.009 0.004 0.002 0.002 0.002 0.006 0.002 0.002 0.003 0.328 0.437 0.005 0.018 0.005 0.004 0.004 0.007 0.003 0.002 0.127 0.029  0.4907
0.007 0.002 0.002 0.004 0.016 0.003 0.002 0.004 0.040 0.006 0.048 0.002 0.006 0.269 0.003 0.010 0.004 0.006 0.528 0.010 0.028  0.4926
0.014 0.014 0.037 0.031 0.009 0.076 0.206 0.008 0.048 0.100 0.093 0.015 0.016 0.038 0.004 0.066 0.033 0.002 0.115 0.051 0.026  0.8601
0.099 0.225 0.014 0.009 0.024 0.085 0.034 0.015 0.039 0.017 0.071 0.162 0.021 0.009 0.003 0.040 0.042 0.008 0.035 0.019 0.029  0.8408
0.034 0.025 0.057 0.165 0.019 0.029 0.272 0.015 0.015 0.015 0.019 0.023 0.006 0.010 0.013 0.098 0.097 0.004 0.007 0.045 0.033  0.8031
0.018 0.018 0.011 0.002 0.011 0.002 0.005 0.007 0.009 0.042 0.123 0.020 0.011 0.322 0.006 0.033 0.013 0.153 0.126 0.034 0.035  0.7345
0.067 0.024 0.082 0.068 0.011 0.034 0.042 0.119 0.031 0.023 0.032 0.039 0.004 0.010 0.078 0.145 0.079 0.003 0.007 0.030 0.070  0.8969
0.069 0.120 0.044 0.045 0.005 0.037 0.047 0.050 0.018 0.013 0.022 0.057 0.005 0.004 0.095 0.119 0.080 0.002 0.002 0.020 0.146  0.8680
0.079 0.027 0.041 0.055 0.008 0.041 0.053 0.056 0.016 0.019 0.030 0.063 0.011 0.012 0.082 0.116 0.061 0.003 0.021 0.036 0.170  0.9010
0.073 0.064 0.037 0.044 0.003 0.036 0.039 0.056 0.014 0.017 0.047 0.127 0.010 0.008 0.047 0.089 0.042 0.003 0.006 0.029 0.208  0.8681
0.061 0.046 0.061 0.067 0.003 0.057 0.039 0.043 0.015 0.008 0.025 0.109 0.005 0.007 0.074 0.080 0.037 0.004 0.003 0.017 0.240  0.8436
0.060 0.033 0.019 0.024 0.008 0.027 0.031 0.110 0.014 0.014 0.038 0.052 0.008 0.005 0.040 0.085 0.051 0.002 0.002 0.023 0.357  0.7732
0.038 0.020 0.021 0.036 0.003 0.020 0.070 0.043 0.009 0.025 0.048 0.041 0.012 0.011 0.018 0.076 0.048 0.002 0.002 0.018 0.442  0.7219
0.045 0.022 0.035 0.043 0.002 0.011 0.017 0.045 0.004 0.009 0.025 0.042 0.018 0.012 0.034 0.095 0.053 0.002 0.003 0.013 0.468  0.6914
0.035 0.066 0.084 0.049 0.003 0.041 0.036 0.035 0.008 0.006 0.077 0.090 0.006 0.008 0.052 0.073 0.032 0.002 0.006 0.013 0.278  0.8228
0.052 0.017 0.040 0.141 0.004 0.041 0.143 0.032 0.010 0.015 0.027 0.032 0.016 0.008 0.040 0.081 0.044 0.003 0.002 0.014 0.238  0.8187
0.053 0.032 0.064 0.161 0.012 0.051 0.176 0.026 0.018 0.015 0.014 0.031 0.010 0.007 0.020 0.110 0.053 0.004 0.008 0.016 0.116  0.8479
0.070 0.015 0.170 0.131 0.017 0.063 0.141 0.020 0.035 0.020 0.050 0.024 0.008 0.008 0.025 0.050 0.043 0.003 0.016 0.019 0.071  0.8716
0.077 0.113 0.036 0.131 0.007 0.047 0.213 0.011 0.017 0.007 0.031 0.061 0.015 0.008 0.035 0.073 0.036 0.005 0.009 0.023 0.045  0.8512
0.071 0.027 0.016 0.020 0.007 0.059 0.033 0.015 0.152 0.050 0.213 0.027 0.021 0.038 0.009 0.031 0.024 0.005 0.087 0.041 0.052  0.8684
0.011 0.097 0.014 0.029 0.002 0.051 0.032 0.006 0.004 0.033 0.290 0.252 0.030 0.007 0.007 0.021 0.023 0.003 0.012 0.037 0.042  0.7373
0.022 0.019 0.098 0.018 0.010 0.018 0.007 0.002 0.055 0.048 0.373 0.011 0.041 0.089 0.003 0.023 0.015 0.014 0.093 0.029 0.015  0.7554
0.090 0.010 0.029 0.011 0.008 0.247 0.046 0.030 0.125 0.035 0.096 0.006 0.067 0.034 0.026 0.038 0.014 0.010 0.012 0.052 0.013  0.8422
0.008 0.014 0.007 0.002 0.006 0.009 0.006 0.051 0.049 0.011 0.057 0.003 0.026 0.419 0.002 0.124 0.009 0.005 0.166 0.013 0.014  0.6532
0.030 0.005 0.005 0.002 0.004 0.005 0.002 0.236 0.005 0.215 0.114 0.009 0.050 0.030 0.004 0.033 0.097 0.003 0.005 0.134 0.014  0.7234
0.168 0.002 0.003 0.002 0.010 0.002 0.002 0.008 0.002 0.100 0.263 0.003 0.078 0.098 0.005 0.041 0.020 0.013 0.002 0.165 0.013  0.7020
0.006 0.008 0.043 0.008 0.006 0.006 0.006 0.005 0.518 0.043 0.126 0.002 0.009 0.060 0.002 0.013 0.002 0.002 0.077 0.050 0.011  0.5914
0.238 0.005 0.007 0.002 0.053 0.014 0.003 0.081 0.013 0.020 0.019 0.004 0.034 0.113 0.005 0.235 0.068 0.008 0.049 0.021 0.010  0.7549
0.304 0.004 0.002 0.005 0.023 0.006 0.005 0.012 0.003 0.030 0.084 0.002 0.017 0.010 0.003 0.381 0.047 0.002 0.005 0.021 0.037  0.6029
0.004 0.007 0.002 0.002 0.031 0.009 0.002 0.004 0.046 0.051 0.636 0.016 0.041 0.006 0.002 0.007 0.007 0.002 0.018 0.017 0.091  0.5005
0.052 0.082 0.012 0.540 0.011 0.014 0.025 0.007 0.020 0.003 0.007 0.113 0.002 0.005 0.002 0.038 0.016 0.002 0.007 0.002 0.038  0.5852
0.095 0.032 0.077 0.009 0.006 0.017 0.020 0.012 0.018 0.202 0.091 0.011 0.047 0.024 0.013 0.088 0.029 0.002 0.017 0.146 0.044  0.8456
0.043 0.003 0.002 0.002 0.002 0.002 0.003 0.004 0.003 0.259 0.108 0.002 0.048 0.188 0.002 0.025 0.019 0.002 0.004 0.275 0.007  0.6288
0.116 0.012 0.016 0.208 0.041 0.033 0.250 0.018 0.008 0.018 0.019 0.012 0.009 0.006 0.006 0.085 0.052 0.002 0.008 0.075 0.006  0.7684
0.081 0.049 0.041 0.093 0.007 0.084 0.348 0.023 0.008 0.009 0.021 0.052 0.003 0.002 0.008 0.111 0.032 0.003 0.002 0.013 0.008  0.7453
0.064 0.169 0.028 0.007 0.010 0.076 0.023 0.007 0.021 0.039 0.110 0.275 0.026 0.014 0.024 0.028 0.015 0.002 0.004 0.050 0.008  0.7918
0.072 0.018 0.004 0.007 0.009 0.071 0.020 0.008 0.005 0.122 0.242 0.031 0.109 0.019 0.006 0.064 0.048 0.005 0.007 0.115 0.016  0.8039
0.087 0.032 0.046 0.026 0.010 0.024 0.015 0.038 0.005 0.006 0.018 0.024 0.009 0.019 0.089 0.221 0.047 0.207 0.010 0.021 0.046  0.8238
0.069 0.041 0.052 0.032 0.003 0.039 0.028 0.056 0.016 0.021 0.051 0.071 0.008 0.007 0.227 0.098 0.107 0.002 0.005 0.044 0.025  0.8576
0.051 0.031 0.081 0.028 0.004 0.043 0.036 0.043 0.015 0.021 0.035 0.080 0.009 0.008 0.054 0.148 0.207 0.007 0.006 0.053 0.039  0.8660
0.049 0.057 0.141 0.078 0.002 0.067 0.038 0.116 0.012 0.006 0.022 0.062 0.006 0.006 0.088 0.106 0.075 0.003 0.002 0.013 0.053  0.8660
0.081 0.019 0.078 0.206 0.008 0.052 0.100 0.066 0.019 0.025 0.015 0.042 0.008 0.004 0.039 0.124 0.050 0.003 0.006 0.008 0.046  0.8510
0.045 0.021 0.062 0.040 0.038 0.043 0.054 0.071 0.016 0.014 0.105 0.020 0.162 0.023 0.042 0.111 0.076 0.005 0.002 0.020 0.030  0.9018
0.018 0.010 0.028 0.028 0.009 0.016 0.014 0.138 0.014 0.008 0.032 0.009 0.007 0.198 0.012 0.027 0.018 0.020 0.346 0.025 0.023  0.7271
0.003 0.011 0.007 0.003 0.003 0.007 0.005 0.004 0.014 0.102 0.572 0.009 0.033 0.107 0.006 0.012 0.008 0.002 0.010 0.051 0.030  0.5468
0.004 0.073 0.015 0.016 0.002 0.039 0.069 0.280 0.031 0.010 0.020 0.227 0.005 0.031 0.010 0.026 0.018 0.002 0.018 0.015 0.091  0.7539
0.043 0.021 0.036 0.003 0.024 0.037 0.026 0.009 0.025 0.029 0.174 0.026 0.019 0.020 0.013 0.121 0.086 0.002 0.020 0.118 0.149  0.8531
0.018 0.004 0.007 0.005 0.021 0.022 0.009 0.005 0.008 0.141 0.286 0.005 0.011 0.028 0.003 0.051 0.015 0.002 0.016 0.215 0.130  0.7019
0.007 0.011 0.014 0.282 0.045 0.026 0.092 0.014 0.027 0.033 0.039 0.011 0.010 0.111 0.002 0.022 0.018 0.002 0.173 0.016 0.045  0.7827
0.049 0.137 0.024 0.005 0.017 0.036 0.028 0.007 0.014 0.010 0.011 0.127 0.003 0.007 0.099 0.087 0.075 0.002 0.010 0.026 0.225  0.8069
0.062 0.004 0.015 0.017 0.014 0.007 0.013 0.016 0.011 0.054 0.029 0.007 0.044 0.195 0.005 0.043 0.335 0.003 0.034 0.039 0.053  0.7513
0.018 0.009 0.235 0.156 0.004 0.031 0.204 0.066 0.010 0.002 0.014 0.017 0.005 0.004 0.019 0.106 0.020 0.002 0.028 0.011 0.039  0.7530
0.045 0.040 0.075 0.203 0.006 0.047 0.160 0.069 0.020 0.007 0.008 0.088 0.003 0.016 0.007 0.071 0.102 0.003 0.007 0.012 0.011  0.8204
0.011 0.011 0.013 0.003 0.015 0.027 0.002 0.009 0.038 0.027 0.117 0.016 0.023 0.194 0.002 0.023 0.015 0.079 0.322 0.043 0.011  0.7364
0.102 0.132 0.042 0.019 0.007 0.040 0.016 0.005 0.016 0.028 0.049 0.255 0.015 0.037 0.008 0.082 0.068 0.002 0.029 0.036 0.012  0.8299
0.034 0.003 0.003 0.002 0.021 0.002 0.002 0.006 0.003 0.176 0.277 0.002 0.041 0.020 0.002 0.020 0.016 0.003 0.006 0.349 0.013  0.5993
0.009 0.013 0.027 0.003 0.011 0.036 0.011 0.002 0.238 0.007 0.008 0.006 0.002 0.058 0.002 0.213 0.044 0.009 0.278 0.008 0.013  0.6715
0.222 0.008 0.007 0.002 0.127 0.009 0.006 0.286 0.022 0.029 0.027 0.002 0.006 0.061 0.002 0.024 0.011 0.002 0.095 0.042 0.012  0.7150
0.003 0.005 0.007 0.005 0.007 0.007 0.002 0.002 0.022 0.006 0.098 0.010 0.031 0.297 0.004 0.011 0.002 0.043 0.420 0.003 0.016  0.5642
0.021 0.017 0.003 0.015 0.022 0.122 0.252 0.005 0.010 0.069 0.104 0.024 0.034 0.005 0.006 0.008 0.019 0.002 0.004 0.246 0.014  0.7298
0.040 0.002 0.005 0.003 0.005 0.005 0.003 0.025 0.002 0.005 0.015 0.002 0.009 0.003 0.014 0.128 0.705 0.002 0.002 0.015 0.011  0.4028
0.203 0.017 0.184 0.003 0.008 0.022 0.006 0.020 0.009 0.017 0.101 0.008 0.012 0.013 0.243 0.065 0.026 0.002 0.012 0.017 0.013  0.7384
0.025 0.002 0.024 0.007 0.005 0.005 0.002 0.135 0.003 0.004 0.012 0.002 0.002 0.005 0.002 0.200 0.545 0.002 0.005 0.004 0.012  0.4838
0.012 0.074 0.143 0.023 0.004 0.028 0.003 0.471 0.060 0.002 0.018 0.071 0.005 0.005 0.013 0.034 0.004 0.002 0.008 0.002 0.017  0.6326
0.040 0.002 0.010 0.002 0.008 0.002 0.005 0.003 0.009 0.230 0.223 0.006 0.045 0.026 0.003 0.007 0.099 0.003 0.041 0.215 0.020  0.6946
0.004 0.243 0.008 0.003 0.002 0.012 0.006 0.002 0.005 0.007 0.007 0.606 0.013 0.002 0.002 0.013 0.023 0.007 0.005 0.011 0.018  0.4390
0.004 0.002 0.002 0.002 0.002 0.003 0.002 0.005 0.002 0.152 0.130 0.002 0.049 0.592 0.002 0.002 0.004 0.002 0.005 0.022 0.017  0.4552
0.025 0.005 0.002 0.002 0.013 0.002 0.002 0.003 0.002 0.213 0.226 0.003 0.086 0.052 0.002 0.005 0.004 0.002 0.007 0.328 0.018  0.6020
0.070 0.002 0.002 0.002 0.008 0.002 0.002 0.005 0.004 0.123 0.495 0.002 0.083 0.027 0.002 0.005 0.007 0.002 0.003 0.137 0.019  0.5582
0.033 0.002 0.070 0.002 0.015 0.002 0.007 0.033 0.003 0.135 0.284 0.002 0.048 0.038 0.002 0.009 0.072 0.002 0.009 0.216 0.017  0.7103
0.089 0.003 0.005 0.002 0.021 0.016 0.003 0.008 0.203 0.047 0.077 0.003 0.014 0.022 0.003 0.086 0.272 0.006 0.017 0.091 0.013  0.7393
0.026 0.025 0.035 0.419 0.002 0.036 0.137 0.017 0.018 0.006 0.017 0.026 0.004 0.008 0.024 0.106 0.055 0.002 0.003 0.013 0.018  0.6954
0.088 0.022 0.049 0.065 0.006 0.037 0.038 0.047 0.023 0.034 0.074 0.043 0.028 0.006 0.208 0.077 0.064 0.003 0.006 0.053 0.029  0.8900
0.054 0.120 0.085 0.075 0.009 0.037 0.048 0.080 0.024 0.013 0.029 0.125 0.007 0.010 0.036 0.112 0.075 0.004 0.007 0.023 0.024  0.8921
0.095 0.066 0.169 0.059 0.022 0.058 0.035 0.032 0.033 0.024 0.022 0.044 0.018 0.009 0.027 0.086 0.083 0.002 0.006 0.083 0.027  0.9020
0.020 0.010 0.022 0.223 0.002 0.026 0.209 0.015 0.007 0.009 0.009 0.027 0.004 0.007 0.019 0.034 0.016 0.002 0.006 0.007 0.325  0.6623
0.096 0.019 0.061 0.179 0.002 0.053 0.140 0.076 0.016 0.031 0.018 0.012 0.011 0.009 0.074 0.084 0.052 0.002 0.005 0.030 0.030  0.8578
0.061 0.021 0.106 0.205 0.004 0.021 0.115 0.131 0.017 0.023 0.019 0.015 0.005 0.009 0.022 0.104 0.030 0.003 0.013 0.022 0.055  0.8320
0.044 0.006 0.003 0.002 0.016 0.016 0.005 0.006 0.002 0.293 0.244 0.007 0.094 0.012 0.010 0.015 0.015 0.003 0.018 0.173 0.016  0.6714
0.025 0.317 0.024 0.062 0.005 0.066 0.048 0.021 0.022 0.016 0.025 0.244 0.007 0.003 0.009 0.035 0.034 0.002 0.007 0.015 0.012  0.7320
0.119 0.035 0.111 0.059 0.006 0.085 0.096 0.051 0.027 0.018 0.045 0.046 0.011 0.009 0.046 0.107 0.071 0.004 0.009 0.033 0.011  0.8999
0.058 0.005 0.007 0.009 0.012 0.013 0.019 0.005 0.011 0.098 0.190 0.003 0.040 0.309 0.004 0.017 0.036 0.006 0.010 0.134 0.014  0.7224
0.006 0.004 0.004 0.002 0.025 0.003 0.002 0.002 0.002 0.018 0.406 0.003 0.048 0.423 0.005 0.004 0.006 0.005 0.013 0.008 0.011  0.4761
0.048 0.215 0.048 0.017 0.004 0.135 0.050 0.015 0.050 0.019 0.035 0.173 0.009 0.014 0.005 0.062 0.056 0.008 0.014 0.015 0.010  0.8233
0.075 0.119 0.038 0.119 0.005 0.099 0.186 0.016 0.041 0.008 0.013 0.123 0.006 0.007 0.002 0.056 0.040 0.006 0.022 0.008 0.009  0.8250
0.046 0.002 0.003 0.003 0.016 0.006 0.004 0.002 0.003 0.333 0.205 0.002 0.035 0.026 0.002 0.011 0.020 0.004 0.004 0.266 0.008  0.5989
0.005 0.013 0.030 0.002 0.005 0.031 0.005 0.006 0.327 0.003 0.010 0.008 0.002 0.038 0.003 0.008 0.003 0.019 0.471 0.005 0.007  0.5115
0.059 0.048 0.066 0.091 0.013 0.067 0.291 0.042 0.015 0.022 0.030 0.052 0.004 0.006 0.002 0.086 0.066 0.002 0.002 0.025 0.012  0.8108
0.171 0.007 0.019 0.009 0.025 0.012 0.018 0.017 0.016 0.114 0.365 0.008 0.017 0.019 0.011 0.029 0.026 0.002 0.027 0.079 0.011  0.7250
0.003 0.004 0.002 0.002 0.008 0.003 0.002 0.004 0.005 0.009 0.028 0.005 0.003 0.121 0.003 0.007 0.009 0.033 0.723 0.014 0.012  0.3859
0.111 0.003 0.006 0.004 0.046 0.009 0.004 0.007 0.004 0.171 0.096 0.002 0.009 0.012 0.002 0.077 0.059 0.002 0.009 0.358 0.010  0.6734
0.037 0.085 0.054 0.239 0.003 0.020 0.169 0.019 0.011 0.005 0.008 0.229 0.004 0.002 0.028 0.047 0.013 0.002 0.002 0.009 0.012  0.7279
0.108 0.005 0.014 0.005 0.038 0.019 0.006 0.003 0.053 0.049 0.113 0.008 0.016 0.058 0.004 0.026 0.092 0.011 0.251 0.109 0.013  0.8040
0.081 0.006 0.003 0.002 0.009 0.013 0.003 0.005 0.007 0.112 0.186 0.006 0.048 0.019 0.002 0.042 0.041 0.002 0.005 0.395 0.014  0.6535
0.025 0.058 0.013 0.003 0.086 0.019 0.007 0.012 0.007 0.010 0.175 0.294 0.122 0.011 0.003 0.110 0.013 0.002 0.007 0.008 0.015  0.7295
0.007 0.006 0.815 0.036 0.009 0.005 0.006 0.003 0.011 0.002 0.003 0.002 0.002 0.002 0.006 0.055 0.007 0.002 0.005 0.004 0.014  0.3021
0.029 0.004 0.002 0.004 0.006 0.003 0.004 0.017 0.003 0.006 0.007 0.003 0.006 0.003 0.856 0.010 0.005 0.002 0.006 0.010 0.016  0.2627
0.014 0.003 0.005 0.005 0.004 0.004 0.007 0.007 0.004 0.012 0.198 0.005 0.020 0.647 0.005 0.010 0.012 0.003 0.004 0.015 0.016  0.4338
0.031 0.014 0.014 0.005 0.035 0.028 0.006 0.006 0.104 0.019 0.035 0.009 0.007 0.057 0.005 0.077 0.017 0.011 0.472 0.030 0.017  0.6816
0.034 0.032 0.045 0.105 0.011 0.054 0.187 0.014 0.012 0.031 0.036 0.074 0.004 0.007 0.069 0.081 0.115 0.002 0.006 0.065 0.015  0.8652
0.054 0.021 0.012 0.014 0.004 0.021 0.017 0.009 0.029 0.111 0.185 0.014 0.035 0.031 0.222 0.033 0.027 0.002 0.025 0.097 0.037  0.8235
0.029 0.022 0.154 0.209 0.007 0.020 0.139 0.203 0.017 0.007 0.012 0.024 0.004 0.011 0.019 0.038 0.030 0.002 0.005 0.011 0.036  0.7682
0.060 0.036 0.027 0.062 0.004 0.097 0.111 0.050 0.015 0.010 0.017 0.053 0.142 0.016 0.015 0.122 0.116 0.002 0.005 0.013 0.028  0.8673
0.029 0.041 0.012 0.015 0.003 0.043 0.052 0.023 0.011 0.022 0.030 0.073 0.014 0.009 0.442 0.042 0.037 0.002 0.014 0.047 0.037  0.7334
0.014 0.005 0.013 0.003 0.006 0.004 0.005 0.003 0.002 0.645 0.090 0.010 0.007 0.023 0.008 0.009 0.008 0.002 0.005 0.100 0.037  0.4765
0.027 0.178 0.058 0.059 0.008 0.069 0.072 0.021 0.028 0.010 0.026 0.106 0.009 0.007 0.014 0.066 0.151 0.002 0.010 0.036 0.042  0.8612
0.032 0.005 0.116 0.009 0.125 0.003 0.009 0.019 0.006 0.020 0.013 0.005 0.003 0.013 0.017 0.507 0.031 0.003 0.005 0.020 0.040  0.6109
0.067 0.060 0.023 0.072 0.007 0.061 0.170 0.019 0.013 0.008 0.012 0.112 0.005 0.004 0.170 0.067 0.060 0.004 0.004 0.017 0.048  0.8382
0.107 0.079 0.037 0.020 0.005 0.037 0.018 0.032 0.019 0.028 0.205 0.119 0.021 0.013 0.011 0.084 0.042 0.005 0.019 0.050 0.049  0.8711
0.003 0.002 0.003 0.002 0.003 0.004 0.002 0.006 0.003 0.009 0.055 0.004 0.012 0.806 0.002 0.003 0.004 0.012 0.005 0.010 0.051  0.3074
0.038 0.067 0.038 0.352 0.008 0.023 0.114 0.010 0.031 0.043 0.027 0.038 0.005 0.008 0.003 0.044 0.041 0.002 0.008 0.050 0.050  0.7818
0.119 0.092 0.052 0.044 0.004 0.089 0.113 0.021 0.017 0.022 0.036 0.115 0.008 0.008 0.013 0.092 0.073 0.002 0.004 0.023 0.053  0.8766
0.093 0.181 0.049 0.014 0.002 0.052 0.067 0.057 0.035 0.010 0.021 0.219 0.010 0.015 0.003 0.054 0.025 0.002 0.005 0.024 0.064  0.8209
0.025 0.004 0.002 0.002 0.004 0.004 0.002 0.002 0.005 0.146 0.263 0.005 0.033 0.006 0.005 0.012 0.020 0.002 0.003 0.392 0.065  0.5787
0.052 0.153 0.051 0.189 0.003 0.072 0.090 0.017 0.022 0.014 0.030 0.123 0.014 0.006 0.002 0.041 0.025 0.003 0.011 0.012 0.070  0.8338
0.158 0.096 0.049 0.037 0.004 0.103 0.088 0.024 0.012 0.015 0.048 0.081 0.008 0.019 0.003 0.105 0.050 0.002 0.006 0.017 0.076  0.8648
0.072 0.007 0.003 0.002 0.012 0.012 0.006 0.003 0.007 0.173 0.286 0.006 0.017 0.097 0.002 0.024 0.012 0.007 0.105 0.058 0.091  0.7328
0.182 0.003 0.005 0.004 0.014 0.006 0.003 0.067 0.004 0.113 0.113 0.004 0.041 0.043 0.004 0.018 0.008 0.008 0.007 0.231 0.121  0.7460
0.067 0.198 0.032 0.041 0.004 0.076 0.064 0.022 0.007 0.003 0.023 0.143 0.012 0.002 0.006 0.052 0.048 0.002 0.006 0.014 0.177  0.8024
0.068 0.102 0.037 0.019 0.005 0.041 0.036 0.061 0.003 0.008 0.018 0.181 0.005 0.005 0.021 0.124 0.048 0.002 0.006 0.012 0.199  0.8050
0.008 0.014 0.010 0.006 0.006 0.006 0.003 0.008 0.071 0.017 0.052 0.008 0.006 0.064 0.005 0.012 0.010 0.061 0.148 0.024 0.461  0.6477
0.012 0.008 0.027 0.002 0.006 0.004 0.002 0.011 0.009 0.014 0.162 0.009 0.003 0.040 0.005 0.008 0.010 0.003 0.004 0.007 0.654  0.4490
0.007 0.007 0.009 0.002 0.004 0.003 0.005 0.016 0.008 0.013 0.037 0.004 0.004 0.003 0.012 0.022 0.016 0.002 0.003 0.005 0.817  0.3165
0.003 0.005 0.004 0.002 0.004 0.002 0.003 0.011 0.002 0.004 0.004 0.008 0.002 0.002 0.003 0.014 0.003 0.002 0.002 0.003 0.917  0.1684
